,iteration,simple_projection_scaling_factor,simple_projection_diff,ZO_grad_scaling_factor,ZO_grad_diff
0,0,0.0036053440999239683,3.1481473445892334,0.0034116581082344055,3.1628756523132324
1,1,0.002265534596517682,3.1561033725738525,0.002781954128295183,3.1716742515563965
2,2,0.003994541708379984,3.00612735748291,0.002462405478581786,3.017836570739746
3,3,0.003265687497332692,3.6033878326416016,0.0037158383056521416,3.629984140396118
4,4,0.0026775856968015432,2.8476006984710693,0.0032084074337035418,2.8505642414093018
5,5,0.0034734162036329508,2.8011314868927,0.0015487616183236241,2.809201240539551
6,6,0.004848049022257328,3.675414562225342,0.008017390966415405,3.6830666065216064
7,7,0.0028227234724909067,3.2184853553771973,0.0016345686744898558,3.2514610290527344
8,8,0.002879216568544507,2.891456365585327,0.0020226261112838984,2.9121692180633545
9,9,0.003071616869419813,2.7316994667053223,0.004596251994371414,2.7378971576690674
10,10,0.002786940662190318,3.528491735458374,0.004156820010393858,3.5356338024139404
11,11,0.0018484352622181177,3.7378129959106445,0.003942863550037146,3.788646697998047
12,12,0.0023047735448926687,3.6719768047332764,0.0030230002012103796,3.6943960189819336
13,13,0.004732406698167324,2.4492270946502686,0.0031901977490633726,2.45757794380188
14,14,0.0023706606589257717,2.6399898529052734,0.0020629374776035547,2.644632577896118
15,15,0.005985874217003584,3.34187912940979,0.0021855770610272884,3.3575992584228516
16,16,0.0037383902817964554,3.8152124881744385,0.004229770507663488,3.81897234916687
17,17,0.003420700319111347,2.45528244972229,0.0021136850118637085,2.4645440578460693
18,18,0.0032097026705741882,2.850614309310913,0.007966011762619019,2.863450288772583
19,19,0.0028026499785482883,3.312379837036133,0.002108804415911436,3.321908473968506
20,20,0.0029760112520307302,2.768538236618042,0.0034505194053053856,2.797826051712036
21,21,0.0027454823721200228,3.6936135292053223,0.004431083332747221,3.716949462890625
22,22,0.003998499363660812,3.42659592628479,0.005408014636486769,3.4433021545410156
23,23,0.0035336276050657034,3.270742416381836,0.00281067518517375,3.2828269004821777
24,24,0.003130710683763027,3.1439638137817383,0.005495996214449406,3.168790578842163
25,25,0.0030198944732546806,2.877533435821533,0.001666651340201497,2.9029805660247803
26,26,0.002734570065513253,2.793405771255493,0.0051525612361729145,2.8003275394439697
27,27,0.0014828690327703953,3.4020235538482666,0.00348732084967196,3.4521021842956543
28,28,0.002428735839203,2.8820688724517822,0.004241226240992546,2.917898416519165
29,29,0.003147187875583768,2.5081875324249268,0.0019591771997511387,2.522630214691162
30,30,0.00292405067011714,2.671802520751953,0.0019274314399808645,2.680077075958252
31,31,0.0018609119579195976,2.921969413757324,0.0022817342542111874,2.9609503746032715
32,32,0.002210451988503337,3.6233558654785156,0.0021529016084969044,3.659595251083374
33,33,0.0026075015775859356,2.639582395553589,0.0021681764628738165,2.6519598960876465
34,34,0.0017619418213143945,2.8746755123138428,0.0033957923296839,2.908062219619751
35,35,0.002372510964050889,2.9126529693603516,0.003894231515005231,2.9544265270233154
36,36,0.00454719876870513,3.4358084201812744,0.004458174575120211,3.441102981567383
37,37,0.00298026273958385,3.1489720344543457,0.0027094895485788584,3.1606733798980713
38,38,0.003246024949476123,3.246136426925659,0.004142990801483393,3.2541353702545166
39,39,0.0018161502666771412,1.8528168201446533,0.002570888726040721,1.865696668624878
40,40,0.00286019966006279,3.0354838371276855,0.005366477649658918,3.0474767684936523
41,41,0.004895787686109543,3.984405755996704,0.005418869666755199,3.9991564750671387
42,42,0.0020897150970995426,3.284231662750244,0.0028274497017264366,3.3122141361236572
43,43,0.001943110255524516,2.7470219135284424,0.0025813570246100426,2.7705018520355225
44,44,0.003698817454278469,3.2296223640441895,0.0026520180981606245,3.2442922592163086
45,45,0.0017986467573791742,2.8152501583099365,0.0022042160853743553,2.8338828086853027
46,46,0.003934286534786224,3.1329290866851807,0.0022867328952997923,3.1459319591522217
47,47,0.0023852819576859474,3.3416364192962646,0.00247062835842371,3.3644230365753174
48,48,0.0019211668986827135,3.0417098999023438,0.002359171863645315,3.043205738067627
49,49,0.002733780536800623,3.2632923126220703,0.0029879193753004074,3.275953769683838
50,50,0.0017253619153052568,4.066255569458008,0.002699607517570257,4.080872535705566
51,51,0.0033633443526923656,2.564878225326538,0.002296490827575326,2.58495831489563
52,52,0.0023057926446199417,3.963245391845703,0.0029141362756490707,3.9768340587615967
53,53,0.0030338175129145384,3.206742525100708,0.0035560759715735912,3.222897529602051
54,54,0.003087167628109455,3.269727945327759,0.004417399410158396,3.2806906700134277
55,55,0.003256141906604171,2.757558584213257,0.0028439031448215246,2.7706918716430664
56,56,0.0017962005222216249,3.8614797592163086,0.002140048425644636,3.924410104751587
57,57,0.0019440959440544248,2.5636260509490967,0.0024815527722239494,2.6009695529937744
58,58,0.003738889703527093,2.56862211227417,0.0027689074631780386,2.57993745803833
59,59,0.002395153045654297,2.7748749256134033,0.0021220019552856684,2.798201560974121
60,60,0.004122345708310604,2.9494526386260986,0.003630593651905656,2.9586644172668457
61,61,0.0023955039214342833,2.8822338581085205,0.002400666940957308,2.8928797245025635
62,62,0.0026862432714551687,2.9528651237487793,0.0027734003961086273,2.960327386856079
63,63,0.0016881435876712203,4.2956976890563965,0.0021651750430464745,4.369821548461914
64,64,0.0038031695876270533,3.3036646842956543,0.002065526321530342,3.3186771869659424
65,65,0.0022677448578178883,3.182326555252075,0.002266167663037777,3.1991090774536133
66,66,0.0014048672746866941,2.8126986026763916,0.0020334243308752775,2.852069139480591
67,67,0.002881251508370042,3.5853700637817383,0.003474777564406395,3.614773750305176
68,68,0.0025417148135602474,2.575615882873535,0.0051455446518957615,2.60140323638916
69,69,0.003284325823187828,2.2968356609344482,0.0035700350999832153,2.301060199737549
70,70,0.002271507401019335,2.8978326320648193,0.0017806972609832883,2.9321277141571045
71,71,0.0018446061294525862,2.5775887966156006,0.0026487563736736774,2.5958168506622314
72,72,0.00526224821805954,3.4838922023773193,0.00457699503749609,3.5013012886047363
73,73,0.0030716394539922476,3.323150396347046,0.0026362892240285873,3.3481972217559814
74,74,0.0032029878348112106,2.9607133865356445,0.002836608560755849,2.9743409156799316
75,75,0.004397894721478224,3.3809823989868164,0.0021531456150114536,3.3965904712677
76,76,0.0020677524153143167,4.494851112365723,0.0017867553979158401,4.530629634857178
77,77,0.0031722537241876125,3.2242488861083984,0.0018093215767294168,3.239710569381714
78,78,0.003632439998909831,2.9984655380249023,0.002139788120985031,3.02126407623291
79,79,0.0033232015557587147,2.9435465335845947,0.0022075707092881203,2.9697628021240234
80,80,0.0038791587576270103,3.293797731399536,0.0016890469705685973,3.3067328929901123
81,81,0.0037709299940615892,2.460472583770752,0.002350976224988699,2.475269079208374
82,82,0.002527194330468774,3.8487980365753174,0.002095610834658146,3.8813164234161377
83,83,0.004232982639223337,2.4267985820770264,0.0032602075953036547,2.444444417953491
84,84,0.002884556772187352,2.654019832611084,0.0031992532312870026,2.6637659072875977
85,85,0.004273584578186274,3.0490188598632812,0.002463479293510318,3.0597281455993652
86,86,0.0034859783481806517,2.888697385787964,0.0026275983545929193,2.894728422164917
87,87,0.0020708211231976748,3.3734652996063232,0.004330640658736229,3.383831739425659
88,88,0.0024825306609272957,2.4404261112213135,0.002293589524924755,2.469823122024536
89,89,0.004895863588899374,2.6478183269500732,0.005856747273355722,2.6625492572784424
90,90,0.004125370178371668,3.2228195667266846,0.002576881553977728,3.2258522510528564
91,91,0.002064236206933856,2.760211706161499,0.0035633777733892202,2.7730214595794678
92,92,0.002499031601473689,4.651440143585205,0.00249802996404469,4.6708269119262695
93,93,0.0037201608065515757,2.947171211242676,0.001900520990602672,2.968475580215454
94,94,0.0026756387669593096,2.263578176498413,0.004451986867934465,2.270293712615967
95,95,0.006202217657119036,3.1790339946746826,0.001975597348064184,3.185346841812134
96,96,0.002902710111811757,2.8507330417633057,0.0034754069056361914,2.857253074645996
97,97,0.0025315061211586,3.3976316452026367,0.0025942183565348387,3.4186646938323975
98,98,0.0019154479959979653,2.451024293899536,0.004160817246884108,2.4628965854644775
99,99,0.00256130238994956,3.2050392627716064,0.0026900190860033035,3.241772413253784
100,100,0.0028774882666766644,3.481466293334961,0.003213239600881934,3.5151150226593018
101,101,0.0033615315333008766,2.8148961067199707,0.0024839015677571297,2.829728364944458
102,102,0.0036052570212632418,3.3966495990753174,0.0018713773461058736,3.401566505432129
103,103,0.002556020161136985,4.436666011810303,0.0032079434022307396,4.4426751136779785
104,104,0.0019226734293624759,2.7894046306610107,0.004146296065300703,2.835225820541382
105,105,0.001855159061960876,3.148548126220703,0.003240385791286826,3.1769771575927734
106,106,0.003542061895132065,3.1250863075256348,0.0025186012499034405,3.139582395553589
107,107,0.002345195971429348,2.4055936336517334,0.003256737720221281,2.4116499423980713
108,108,0.0024178428575396538,3.535085678100586,0.00304981111548841,3.5640265941619873
109,109,0.003486531786620617,4.33002233505249,0.0022806001361459494,4.345393180847168
110,110,0.004004272166639566,2.744635581970215,0.004077113699167967,2.7537167072296143
111,111,0.0029227135237306356,3.8144679069519043,0.002481915755197406,3.830432653427124
112,112,0.0028422269970178604,2.7463314533233643,0.00286849495023489,2.7510666847229004
113,113,0.0020425382535904646,2.778207778930664,0.004191895946860313,2.805107355117798
114,114,0.004596184939146042,3.285078287124634,0.0028130244463682175,3.2911128997802734
115,115,0.003134703729301691,3.0984675884246826,0.004071508068591356,3.1257338523864746
116,116,0.0028633959591388702,2.491698741912842,0.0023042948450893164,2.5023064613342285
117,117,0.0022202602121979,2.519228219985962,0.0037820246070623398,2.5403354167938232
118,118,0.0023539322428405285,2.485560178756714,0.0028069152031093836,2.5175468921661377
119,119,0.003095752326771617,2.9585766792297363,0.006924435030668974,2.981433868408203
120,120,0.0025005501229315996,2.7744061946868896,0.004438735079020262,2.811098575592041
121,121,0.0033709376584738493,4.8111572265625,0.002258207183331251,4.835281848907471
122,122,0.004657287150621414,3.3712944984436035,0.00196364289149642,3.3802709579467773
123,123,0.004065681714564562,3.441239356994629,0.002250813180580735,3.46523380279541
124,124,0.0030154965352267027,4.037785053253174,0.002410018118098378,4.078341484069824
125,125,0.0025813512038439512,3.5082919597625732,0.0039034460205584764,3.535593032836914
126,126,0.003526665037497878,3.433695077896118,0.0044938125647604465,3.4536333084106445
127,127,0.002665810054168105,3.318754196166992,0.0027494325768202543,3.342217445373535
128,128,0.002155477413907647,2.5691959857940674,0.0021017929539084435,2.5830721855163574
129,129,0.0028911640401929617,3.167665958404541,0.0020478477235883474,3.181159257888794
130,130,0.00308185163885355,2.725369930267334,0.0019609632436186075,2.7343642711639404
131,131,0.002688995562493801,3.3545641899108887,0.004731639288365841,3.3820414543151855
132,132,0.002033357508480549,3.7723681926727295,0.003555310657247901,3.7993881702423096
133,133,0.0021986598148941994,4.088184356689453,0.0020642345771193504,4.112772464752197
134,134,0.0027545231860131025,2.7246294021606445,0.003651117207482457,2.7441916465759277
135,135,0.0026734028942883015,3.4733903408050537,0.0020347884856164455,3.485851287841797
136,136,0.00388437882065773,2.9927358627319336,0.003676086664199829,3.0143091678619385
137,137,0.0025893566198647022,3.2731668949127197,0.0014881842071190476,3.2986490726470947
138,138,0.0033433297649025917,3.071906089782715,0.0026331900153309107,3.0879342555999756
139,139,0.0048925140872597694,2.629167318344116,0.003317825496196747,2.6361560821533203
140,140,0.0030168695375323296,3.241030216217041,0.004383160267025232,3.2722678184509277
141,141,0.003745435969904065,3.5881736278533936,0.003359179710969329,3.6066248416900635
142,142,0.00247596250846982,3.265660285949707,0.0015591094270348549,3.2956948280334473
143,143,0.003076898166909814,3.5285396575927734,0.0039267283864319324,3.5501527786254883
144,144,0.002783389762043953,2.8316118717193604,0.0023860656656324863,2.848400115966797
145,145,0.0028042879421263933,3.5463969707489014,0.0024671100545674562,3.583950996398926
146,146,0.0026672687381505966,3.093121290206909,0.0023640161380171776,3.131627082824707
147,147,0.0050645070150494576,3.0494120121002197,0.0015336115611717105,3.063866138458252
148,148,0.0033423826098442078,3.1835222244262695,0.0022987606935203075,3.20671010017395
149,149,0.0022107060067355633,3.5281312465667725,0.004122772719711065,3.5500648021698
150,150,0.004333925433456898,2.555530548095703,0.002907213056460023,2.561725616455078
151,151,0.0020702772308140993,3.500993013381958,0.00758781423792243,3.5131664276123047
152,152,0.002766384743154049,4.092936992645264,0.00290757161565125,4.120991230010986
153,153,0.003060878487303853,2.3245017528533936,0.00196190201677382,2.345801830291748
154,154,0.003006382379680872,3.464818000793457,0.003290469292551279,3.479212999343872
155,155,0.002406790852546692,2.7491605281829834,0.0013657808303833008,2.7731781005859375
156,156,0.002886960981413722,4.768004894256592,0.003799297148361802,4.775738716125488
157,157,0.0017486513825133443,3.700892925262451,0.005921180825680494,3.7290825843811035
158,158,0.003373967483639717,2.887585163116455,0.004442980978637934,2.9008874893188477
159,159,0.0023493915796279907,3.8287017345428467,0.003080860013142228,3.8462111949920654
160,160,0.002886367030441761,2.8021514415740967,0.0018741851672530174,2.8301100730895996
161,161,0.0019969770219177008,2.7704291343688965,0.002518914407119155,2.7858097553253174
162,162,0.003324337536469102,3.440650701522827,0.0021454470697790384,3.4574358463287354
163,163,0.003288172883912921,3.1093502044677734,0.0026278961449861526,3.1249630451202393
164,164,0.003579307347536087,2.5428318977355957,0.004580162465572357,2.5481691360473633
165,165,0.002664596540853381,2.9527950286865234,0.003389650722965598,2.9704971313476562
166,166,0.0035967975854873657,3.6227169036865234,0.002131142420694232,3.641357660293579
167,167,0.00442461296916008,2.669950008392334,0.0033157765865325928,2.6807785034179688
168,168,0.006966437213122845,4.278346538543701,0.0018597171874716878,4.284082412719727
169,169,0.0026116385124623775,3.114114284515381,0.003239295445382595,3.1371612548828125
170,170,0.006660411600023508,2.854069948196411,0.0025162918027490377,2.866952896118164
171,171,0.005286723375320435,3.3600211143493652,0.001988366013392806,3.3767452239990234
172,172,0.002819737885147333,2.673865556716919,0.0024893598165363073,2.6853129863739014
173,173,0.0017262408509850502,3.0087552070617676,0.003396909451112151,3.053088665008545
174,174,0.004053559619933367,4.214407920837402,0.0028058199677616358,4.23569393157959
175,175,0.0017154396045953035,3.084527015686035,0.00395524688065052,3.1339375972747803
176,176,0.004162413068115711,2.957221269607544,0.007085480727255344,2.9594852924346924
177,177,0.0021813909988850355,3.5248806476593018,0.0038446036633104086,3.5443289279937744
178,178,0.004273422062397003,4.6548566818237305,0.005767100490629673,4.681722640991211
179,179,0.002453963505104184,2.867189884185791,0.001608439488336444,2.9051294326782227
180,180,0.002803567098453641,3.3822743892669678,0.003032278036698699,3.395045280456543
181,181,0.0027382937259972095,3.2338476181030273,0.002882273169234395,3.2668373584747314
182,182,0.002604666631668806,3.2799978256225586,0.0023776774760335684,3.3006880283355713
183,183,0.0026989837642759085,3.6736741065979004,0.0024716320913285017,3.6991333961486816
184,184,0.0034458315931260586,2.807016372680664,0.0033717439509928226,2.824350118637085
185,185,0.0018727928400039673,3.474144458770752,0.00316768791526556,3.5005693435668945
186,186,0.0025194755289703608,4.2648210525512695,0.0017469222657382488,4.295170783996582
187,187,0.002040938241407275,3.101309061050415,0.0019813766703009605,3.1134603023529053
188,188,0.0018311251187697053,3.985720157623291,0.005321153439581394,4.029367923736572
189,189,0.004993729293346405,2.6834850311279297,0.008315453305840492,2.6899702548980713
190,190,0.0029084947891533375,2.965080976486206,0.005207349080592394,2.986072540283203
191,191,0.0025480142794549465,3.50024151802063,0.0042310371063649654,3.527289867401123
192,192,0.0026367581449449062,2.9678518772125244,0.0027319621294736862,2.9822397232055664
193,193,0.0021158414892852306,3.508235216140747,0.0030635842122137547,3.5482285022735596
194,194,0.0026699744630604982,4.026602745056152,0.003850804641842842,4.043250560760498
195,195,0.00251108524389565,3.370955228805542,0.0025685755535960197,3.4042484760284424
196,196,0.003359732683748007,3.7973110675811768,0.002670145593583584,3.809720039367676
197,197,0.002648286521434784,4.318119049072266,0.0030242258217185736,4.337860107421875
198,198,0.0018377563683316112,3.7856862545013428,0.002087801694869995,3.8335909843444824
199,199,0.0030683374498039484,3.4009320735931396,0.006009884178638458,3.4154787063598633
200,200,0.0035619940608739853,2.474407434463501,0.0014997522812336683,2.4841997623443604
201,201,0.002251880243420601,3.5966691970825195,0.003941884730011225,3.606529474258423
202,202,0.004506942816078663,3.1817896366119385,0.0024582534097135067,3.192960023880005
203,203,0.0025232743937522173,3.7315917015075684,0.003263403894379735,3.752039909362793
204,204,0.0020093810744583607,3.7118563652038574,0.0033098573330789804,3.7708382606506348
205,205,0.0031932946294546127,4.227118968963623,0.003046555444598198,4.259059906005859
206,206,0.002362283878028393,3.5253753662109375,0.0021390391048043966,3.542172908782959
207,207,0.0023847923148423433,3.256439685821533,0.0040359171107411385,3.271726131439209
208,208,0.004145029000937939,3.0800588130950928,0.002951872767880559,3.100228786468506
209,209,0.004269590601325035,2.711740016937256,0.0026520444080233574,2.713887929916382
210,210,0.0018921052105724812,4.40411901473999,0.00337869836948812,4.482906818389893
211,211,0.003858041949570179,4.0615034103393555,0.0020841131918132305,4.08878755569458
212,212,0.0047607384622097015,3.4365034103393555,0.002364867366850376,3.445294141769409
213,213,0.003911052830517292,3.4878036975860596,0.00377536634914577,3.4944424629211426
214,214,0.003819019766524434,3.1607697010040283,0.0029337704181671143,3.169279098510742
215,215,0.0033098950516432524,3.2492828369140625,0.0037975776940584183,3.2729177474975586
216,216,0.003932533320039511,3.343867778778076,0.003275723662227392,3.360787868499756
217,217,0.003994133789092302,2.9871857166290283,0.0031568643171340227,3.009242534637451
218,218,0.0027503168676048517,3.667994976043701,0.005669157020747662,3.6920385360717773
219,219,0.0038272482343018055,3.1311206817626953,0.0024112097453325987,3.155167579650879
220,220,0.0029413076117634773,4.378304481506348,0.0042166560888290405,4.419587135314941
221,221,0.0018852842040359974,3.3568387031555176,0.0035161864943802357,3.3961775302886963
222,222,0.0019903136417269707,3.1447064876556396,0.003303453093394637,3.1755473613739014
223,223,0.0038148914463818073,3.23335862159729,0.001992272213101387,3.245635747909546
224,224,0.0033681064378470182,2.9134204387664795,0.007812806405127048,2.915518045425415
225,225,0.003714088350534439,3.8538451194763184,0.0030189661774784327,3.8817813396453857
226,226,0.002981964498758316,3.1689443588256836,0.004089052323251963,3.1859800815582275
227,227,0.010394195094704628,3.533137798309326,0.0018570560496300459,3.538606882095337
228,228,0.0022065064404159784,3.4587745666503906,0.0036006092559546232,3.4809253215789795
229,229,0.0032206920441240072,3.3851382732391357,0.0027070415671914816,3.3982419967651367
230,230,0.0016834607813507318,3.3260903358459473,0.0053407237865030766,3.3386101722717285
231,231,0.0028283975552767515,3.076747417449951,0.002270730445161462,3.0971176624298096
232,232,0.0026354144793003798,3.824763298034668,0.001926011755131185,3.8346333503723145
233,233,0.0017944865394383669,3.0191915035247803,0.003673987928777933,3.059642791748047
234,234,0.004798309877514839,8.40880298614502,0.0028228964656591415,8.419548034667969
235,235,0.004364491906017065,3.877842903137207,0.003946602810174227,3.8904874324798584
236,236,0.002956767799332738,4.120397567749023,0.0047872643917799,4.122490406036377
237,237,0.0025976260658353567,3.130387783050537,0.002800162648782134,3.1452090740203857
238,238,0.0018850984051823616,2.6614179611206055,0.002119359327480197,2.6706619262695312
239,239,0.004995060618966818,3.404587507247925,0.009402315132319927,3.413562774658203
240,240,0.0038726436905562878,2.7277779579162598,0.0018562995828688145,2.738788604736328
241,241,0.002313407836481929,3.366924285888672,0.006915539037436247,3.368971347808838
242,242,0.0037344873417168856,2.653963327407837,0.0032546601723879576,2.675764560699463
243,243,0.0033927226904779673,3.5042507648468018,0.003907922189682722,3.528157949447632
244,244,0.002647780580446124,3.838210105895996,0.0015534880803897977,3.845052719116211
245,245,0.0031571967992931604,3.2549149990081787,0.002845047041773796,3.277817964553833
246,246,0.0017672146204859018,4.026780605316162,0.003540454665198922,4.09324836730957
247,247,0.0017917974619194865,2.9810922145843506,0.008519457653164864,3.0077593326568604
248,248,0.007757469546049833,4.775092124938965,0.002477925503626466,4.795085430145264
249,249,0.0038980385288596153,3.373795986175537,0.0028241421096026897,3.387970209121704
250,250,0.00199121399782598,3.7876851558685303,0.0031690828036516905,3.833916664123535
251,251,0.001975428545847535,3.6154391765594482,0.0031757750548422337,3.631014585494995
252,252,0.002147782826796174,3.1087777614593506,0.0032457669731229544,3.155994176864624
253,253,0.002911304822191596,4.535120010375977,0.005634525790810585,4.584397792816162
254,254,0.003688891651108861,3.4916396141052246,0.005350976716727018,3.5200212001800537
255,255,0.003249118337407708,3.685328722000122,0.003166221547871828,3.7008469104766846
256,256,0.0026512842159718275,5.524581432342529,0.002028755145147443,5.564446449279785
257,257,0.0052822004072368145,4.250269412994385,0.004107351880520582,4.260509967803955
258,258,0.0036230036057531834,4.235373020172119,0.002097572200000286,4.267642021179199
259,259,0.0029918288346379995,3.2038426399230957,0.004226373974233866,3.221482038497925
260,260,0.003240150399506092,3.992997407913208,0.002302436390891671,4.007491588592529
261,261,0.0025604532565921545,3.3117451667785645,0.002896893536671996,3.325218677520752
262,262,0.0025743236765265465,4.268851280212402,0.003839693497866392,4.280806064605713
263,263,0.006983459927141666,3.905593156814575,0.003756294958293438,3.9192943572998047
264,264,0.004953559022396803,3.602438449859619,0.00221452210098505,3.617018938064575
265,265,0.0019597080536186695,4.189472198486328,0.0024915034882724285,4.229037761688232
266,266,0.0022118734195828438,4.168519020080566,0.0029090314637869596,4.21038818359375
267,267,0.002822526730597019,3.3667190074920654,0.003534037619829178,3.384408712387085
268,268,0.0018701809458434582,3.363492250442505,0.0025701094418764114,3.4155280590057373
269,269,0.0023825287353247404,3.8722310066223145,0.001405252842232585,3.881376028060913
270,270,0.0030961590819060802,3.4143974781036377,0.005556795746088028,3.4259588718414307
271,271,0.002350185066461563,2.8856289386749268,0.0056446632370352745,2.9152371883392334
272,272,0.002368123270571232,3.4346070289611816,0.0036908932961523533,3.4680471420288086
273,273,0.0018966527422890067,3.5357024669647217,0.0030994564294815063,3.574206590652466
274,274,0.0026964766439050436,4.190115928649902,0.002779656322672963,4.21486759185791
275,275,0.003177629318088293,3.59306263923645,0.002273311372846365,3.616278648376465
276,276,0.0030741016380488873,4.345620632171631,0.003576167393475771,4.379376411437988
277,277,0.006073785945773125,2.919707775115967,0.0040126522071659565,2.9234771728515625
278,278,0.002484325086697936,3.3356399536132812,0.00421184254810214,3.3481595516204834
279,279,0.001963042886927724,4.49876070022583,0.003993048332631588,4.520641803741455
280,280,0.0034547746181488037,3.6163716316223145,0.004196124617010355,3.6367170810699463
281,281,0.002668363507837057,4.38402795791626,0.002966290805488825,4.432962894439697
282,282,0.0029992209747433662,3.5338311195373535,0.0027706045657396317,3.5520503520965576
283,283,0.0028140477370470762,4.016293525695801,0.005091807339340448,4.0528244972229
284,284,0.0023369197733700275,4.006767749786377,0.001977447187528014,4.041952133178711
285,285,0.0022602640092372894,5.551702976226807,0.0033534211106598377,5.5815534591674805
286,286,0.0025476347655057907,3.7505245208740234,0.0032831369899213314,3.771991491317749
287,287,0.005455260630697012,4.544570446014404,0.0017049419693648815,4.5500569343566895
288,288,0.004758376162499189,3.4932706356048584,0.0032180624548345804,3.506514310836792
289,289,0.00315179699100554,4.029712200164795,0.007843402214348316,4.053875923156738
290,290,0.008709387853741646,4.035727024078369,0.003550658468157053,4.036386489868164
291,291,0.0043983724899590015,2.9842798709869385,0.0023058478254824877,3.0056135654449463
292,292,0.004528443329036236,3.954214334487915,0.002083259867504239,3.9678425788879395
293,293,0.0023657078854739666,4.741844177246094,0.0030753607861697674,4.786917209625244
294,294,0.005120877642184496,3.251321315765381,0.002265946241095662,3.266833782196045
295,295,0.002767793368548155,3.5443289279937744,0.00525806937366724,3.5654046535491943
296,296,0.003563873702660203,4.415391445159912,0.003233019495382905,4.4397993087768555
297,297,0.004040776751935482,5.389310836791992,0.0025783898308873177,5.422639846801758
298,298,0.0026121344417333603,4.221295356750488,0.0025183886755257845,4.24041223526001
299,299,0.0024848480243235826,4.009337425231934,0.0041249836795032024,4.031921863555908
300,300,0.0021623135544359684,4.854819297790527,0.0029884574469178915,4.911796569824219
301,301,0.002292678691446781,3.8678081035614014,0.0023934883065521717,3.8967690467834473
302,302,0.004711714573204517,4.760977268218994,0.005581791512668133,4.76500940322876
303,303,0.002357552293688059,3.210721015930176,0.0019429671810939908,3.2194976806640625
304,304,0.0024239018093794584,3.8424715995788574,0.002656074007973075,3.8623087406158447
305,305,0.0021235260646790266,4.2221856117248535,0.0016376484418287873,4.261688709259033
306,306,0.0031838035210967064,3.7006895542144775,0.0024000213015824556,3.7038261890411377
307,307,0.0024159324821084738,4.961906433105469,0.0022655962966382504,4.9939045906066895
308,308,0.003130169352516532,4.128547191619873,0.0024746295530349016,4.157404899597168
309,309,0.002757095033302903,3.3060340881347656,0.003297860501334071,3.3181121349334717
310,310,0.0028633391484618187,3.6003642082214355,0.0024513271637260914,3.621894121170044
311,311,0.004239429719746113,4.681972503662109,0.0032100481912493706,4.695065021514893
312,312,0.002660186728462577,3.730616569519043,0.003811591537669301,3.739976644515991
313,313,0.003482419764623046,3.8402099609375,0.004208332858979702,3.86207914352417
314,314,0.002982968697324395,4.125801086425781,0.002807887736707926,4.142526626586914
315,315,0.002116395626217127,4.098460674285889,0.004383459221571684,4.138081073760986
316,316,0.005744412075728178,4.2343621253967285,0.004090053960680962,4.253783226013184
317,317,0.0038260186556726694,4.391193389892578,0.00477738119661808,4.40632438659668
318,318,0.00411086343228817,4.2377705574035645,0.002945691579952836,4.244857311248779
319,319,0.002790353260934353,4.535097599029541,0.0018456797115504742,4.56716775894165
320,320,0.003656241111457348,4.592487812042236,0.0038774991407990456,4.609712600708008
321,321,0.0024225132074207067,3.781702995300293,0.002280275570228696,3.8159303665161133
322,322,0.008119521662592888,3.206347703933716,0.0055673448368906975,3.2180659770965576
323,323,0.0030114285182207823,4.276012420654297,0.0032453846652060747,4.295137405395508
324,324,0.002454850124195218,4.554620265960693,0.002552257152274251,4.580463886260986
325,325,0.003364023519679904,4.293577671051025,0.0027154916897416115,4.304594039916992
326,326,0.0023926878347992897,3.889033079147339,0.005912818480283022,3.898914337158203
327,327,0.003206657711416483,3.603804349899292,0.0031656818464398384,3.6220316886901855
328,328,0.0029365490190684795,4.44264030456543,0.0021756563801318407,4.463005542755127
329,329,0.0025022397749125957,3.9105327129364014,0.0029454147443175316,3.9407553672790527
330,330,0.002314680954441428,5.252484321594238,0.0028761415742337704,5.291599750518799
331,331,0.0022747223265469074,3.816502094268799,0.005166905466467142,3.8341832160949707
332,332,0.004163019359111786,3.8014254570007324,0.0014289946993812919,3.807935953140259
333,333,0.003190348157659173,4.002978801727295,0.0022771740332245827,4.041744232177734
334,334,0.003206667024642229,4.922707557678223,0.002431813394650817,4.946567535400391
335,335,0.002238416811451316,4.200377464294434,0.0024783879052847624,4.2573113441467285
336,336,0.004126034677028656,4.114501476287842,0.0015628390247002244,4.117232799530029
337,337,0.002791049424558878,4.441257476806641,0.003263334045186639,4.494378566741943
338,338,0.002980281366035342,5.992898464202881,0.0024253150913864374,6.026289463043213
339,339,0.002085596788674593,4.821249485015869,0.0028221907559782267,4.881985187530518
340,340,0.0047369603998959064,3.6957082748413086,0.006787070073187351,3.7159605026245117
341,341,0.0027752870228141546,4.187341690063477,0.002625287277624011,4.222104072570801
342,342,0.002926949877291918,4.237069129943848,0.008753973990678787,4.241144180297852
343,343,0.003724656067788601,4.353845119476318,0.004044909030199051,4.374152660369873
344,344,0.004006835166364908,4.062170028686523,0.002929023001343012,4.077426910400391
345,345,0.0051736352033913136,4.05704927444458,0.0023037635255604982,4.068987846374512
346,346,0.007198536302894354,4.503836631774902,0.002511564176529646,4.508943557739258
347,347,0.0023007479030638933,4.038000583648682,0.0022204373963177204,4.056677341461182
348,348,0.002493456704542041,3.8667194843292236,0.0032803767826408148,3.9132866859436035
349,349,0.001514702569693327,3.666644334793091,0.0030418820679187775,3.7063510417938232
350,350,0.0033890721388161182,4.197462558746338,0.0020891607273370028,4.2104105949401855
351,351,0.00300240539945662,5.909738063812256,0.002130834385752678,5.937690258026123
352,352,0.003068659920245409,5.004814147949219,0.0027571835089474916,5.028463363647461
353,353,0.003794590011239052,3.770784854888916,0.0022935664746910334,3.7767045497894287
354,354,0.005800026003271341,3.53053879737854,0.001438399776816368,3.549776554107666
355,355,0.005988982040435076,5.838219165802002,0.0034270191099494696,5.853354454040527
356,356,0.0024048283230513334,4.244577884674072,0.004461635369807482,4.288264274597168
357,357,0.0022992633748799562,4.262467384338379,0.0029346963856369257,4.291418075561523
358,358,0.0034546987153589725,3.3368444442749023,0.002385355532169342,3.366264581680298
359,359,0.0025786468759179115,5.15867280960083,0.002026437781751156,5.210946559906006
360,360,0.0029876031912863255,5.5213727951049805,0.0027067074552178383,5.562164783477783
361,361,0.005223390180617571,4.96359920501709,0.0021230757702142,4.969140529632568
362,362,0.0031334434170275927,4.442962169647217,0.002918677870184183,4.467984676361084
363,363,0.002440445125102997,4.34783935546875,0.0045755538158118725,4.381743907928467
364,364,0.00340459868311882,4.137366771697998,0.004004352260380983,4.15201997756958
365,365,0.0019279461121186614,4.996910095214844,0.002569478703662753,5.038610935211182
366,366,0.0038376078009605408,4.578877925872803,0.0019305534660816193,4.600955486297607
367,367,0.0032782594207674265,3.6150479316711426,0.002466888166964054,3.62282657623291
368,368,0.002715727314352989,5.565243244171143,0.0027622103225439787,5.622680187225342
369,369,0.0024929356295615435,3.816725492477417,0.00414330093190074,3.8456497192382812
370,370,0.007752047851681709,5.107644081115723,0.003912050276994705,5.126981735229492
371,371,0.002237006090581417,5.567069053649902,0.0027536419220268726,5.617229461669922
372,372,0.0019615613855421543,4.227005481719971,0.002474479377269745,4.258503437042236
373,373,0.0028181024827063084,5.213948726654053,0.002214546548202634,5.248327255249023
374,374,0.0033460455015301704,5.714541435241699,0.0037014042027294636,5.750305652618408
375,375,0.0025761628057807684,5.019191741943359,0.001957339234650135,5.051680564880371
376,376,0.0036539104767143726,5.348172664642334,0.002767531666904688,5.373156547546387
377,377,0.00250247772783041,4.691863536834717,0.002104709856212139,4.703602313995361
378,378,0.0030547622591257095,5.062201499938965,0.0032412572763860226,5.0848517417907715
379,379,0.0032542019616812468,3.8856561183929443,0.001926778699271381,3.8924286365509033
380,380,0.0023570500779896975,5.305039405822754,0.0021517390850931406,5.337761402130127
381,381,0.0034031905233860016,4.72598123550415,0.0025504562072455883,4.751708984375
382,382,0.001582925789989531,5.493615627288818,0.005114668980240822,5.602075099945068
383,383,0.004484307952225208,4.323428153991699,0.0027028382755815983,4.333956718444824
384,384,0.002616693265736103,3.9901156425476074,0.001798297860659659,4.025674343109131
385,385,0.0021222038194537163,4.053674221038818,0.0030122296884655952,4.0913848876953125
386,386,0.002329461509361863,4.348810195922852,0.0029200471471995115,4.355227470397949
387,387,0.0018095329869538546,4.2952117919921875,0.0027300878427922726,4.33574914932251
388,388,0.0022406496573239565,4.260397911071777,0.002277664840221405,4.29227876663208
389,389,0.0019923015497624874,5.185419082641602,0.0027914303354918957,5.237462997436523
390,390,0.0017251260578632355,4.540050506591797,0.0019427330698817968,4.595536231994629
391,391,0.001931391772814095,5.03108549118042,0.0024104751646518707,5.043893814086914
392,392,0.004421640187501907,5.812105655670166,0.0037463190965354443,5.846653938293457
393,393,0.002833534264937043,3.878185510635376,0.0023997719399631023,3.918820858001709
394,394,0.0022180676460266113,4.341946601867676,0.003908973187208176,4.396937847137451
395,395,0.0024419771507382393,3.864746332168579,0.0028621191158890724,3.8836891651153564
396,396,0.003884216072037816,4.9619622230529785,0.003998974338173866,4.98471736907959
397,397,0.004526626318693161,4.3561835289001465,0.0029672083910554647,4.378597259521484
398,398,0.0039986358024179935,5.758599758148193,0.0016064562369138002,5.7722930908203125
399,399,0.002007153583690524,4.533024311065674,0.004321354907006025,4.562068462371826
400,400,0.0025633976329118013,5.215259075164795,0.001895406167022884,5.24852991104126
401,401,0.0024735727347433567,5.333333492279053,0.002368141198530793,5.392693042755127
402,402,0.0024541246239095926,5.259419918060303,0.002040846971794963,5.286538124084473
403,403,0.0037063618656247854,5.609077453613281,0.00191360036842525,5.61469030380249
404,404,0.002392157446593046,4.6460490226745605,0.002501223236322403,4.661545276641846
405,405,0.0024978513829410076,3.7071828842163086,0.0036836164072155952,3.7317049503326416
406,406,0.0029813311994075775,6.506429672241211,0.005236381199210882,6.542147636413574
407,407,0.002292635152116418,6.077999591827393,0.0027318322099745274,6.101944923400879
408,408,0.004081049934029579,5.2062201499938965,0.0020579122938215733,5.243589401245117
409,409,0.007813340984284878,5.665131092071533,0.002214488573372364,5.66773796081543
410,410,0.0034580170176923275,5.222461223602295,0.002938228892162442,5.2637715339660645
411,411,0.0036115359980612993,5.252182483673096,0.0029742915648967028,5.275294780731201
412,412,0.0024133999831974506,4.939455986022949,0.0024515576660633087,4.9911065101623535
413,413,0.004126498010009527,4.837636470794678,0.002031003125011921,4.874389171600342
414,414,0.002128164516761899,5.608844757080078,0.004659777041524649,5.641143798828125
415,415,0.002372411312535405,5.719415664672852,0.003439335385337472,5.795926094055176
416,416,0.0061258054338395596,4.885604381561279,0.0037363984156399965,4.892761707305908
417,417,0.004622718784958124,4.1699347496032715,0.0031149310525506735,4.186023235321045
418,418,0.002014890778809786,4.339163780212402,0.0027533662505447865,4.384844779968262
419,419,0.003793148323893547,5.556897163391113,0.0016244373982772231,5.580445289611816
420,420,0.0022250935435295105,5.692261219024658,0.002233621897175908,5.765723705291748
421,421,0.003271600231528282,4.4464521408081055,0.003268440719693899,4.465810775756836
422,422,0.0025769821368157864,5.550385475158691,0.0021365704014897346,5.597868919372559
423,423,0.0032980265095829964,4.702937602996826,0.0029887286946177483,4.713953495025635
424,424,0.003135331440716982,6.796462535858154,0.002815718064084649,6.810794353485107
425,425,0.002376176416873932,4.982945919036865,0.0028244182467460632,5.014522552490234
426,426,0.0023425582330673933,3.346907615661621,0.0024643137585371733,3.3677284717559814
427,427,0.00228814035654068,5.148061275482178,0.002424685750156641,5.204288005828857
428,428,0.0023405873216688633,4.263311386108398,0.003067068289965391,4.307931900024414
429,429,0.00410706689581275,5.954181671142578,0.0015611016424372792,5.973273754119873
430,430,0.0017021767562255263,4.961055755615234,0.0021299715153872967,5.027732849121094
431,431,0.0038531816098839045,3.824031114578247,0.0018773427000269294,3.843920946121216
432,432,0.0020406232215464115,4.862904071807861,0.0018049952341243625,4.9082255363464355
433,433,0.001732714707031846,6.532112121582031,0.0022281405981630087,6.570540428161621
434,434,0.00583093985915184,4.9513840675354,0.0016795072006061673,4.973336696624756
435,435,0.0023288836237043142,6.2076826095581055,0.003088888479396701,6.222897052764893
436,436,0.002060601022094488,4.594454288482666,0.002289988100528717,4.645746231079102
437,437,0.0028472428675740957,5.228321075439453,0.0017555952072143555,5.254773139953613
438,438,0.002608131617307663,4.117354393005371,0.0022556749172508717,4.122020721435547
439,439,0.002545208903029561,6.4455718994140625,0.008470376953482628,6.451351165771484
440,440,0.002643834101036191,4.811895370483398,0.0037667390424758196,4.835850238800049
441,441,0.002943187253549695,5.559396743774414,0.0018593842396512628,5.585443496704102
442,442,0.002909313188865781,5.155187129974365,0.002101013669744134,5.197201728820801
443,443,0.0042853341437876225,4.7733893394470215,0.0025735271628946066,4.805752277374268
444,444,0.002312852768227458,3.8829233646392822,0.0016442419728264213,3.9221370220184326
445,445,0.0017869625007733703,6.084971904754639,0.002243933267891407,6.125256538391113
446,446,0.004939625971019268,5.025891304016113,0.0023334564175456762,5.045422554016113
447,447,0.0025883116759359837,5.977144718170166,0.002163819968700409,6.029455184936523
448,448,0.003886431222781539,5.649733543395996,0.0021318832878023386,5.668245792388916
449,449,0.0028123261872678995,4.817361831665039,0.003062840551137924,4.850949764251709
450,450,0.0029988130554556847,6.268522262573242,0.002449926920235157,6.3076324462890625
451,451,0.0031443347688764334,5.6375579833984375,0.0018653551815077662,5.689913272857666
452,452,0.0028328849002718925,4.762200832366943,0.002275728387758136,4.804123878479004
453,453,0.004954569041728973,6.080198764801025,0.002823429647833109,6.103898525238037
454,454,0.003470602910965681,5.049455642700195,0.0037543722428381443,5.0616350173950195
455,455,0.004308138508349657,5.263482570648193,0.002963558305054903,5.301342487335205
456,456,0.0026289827656000853,4.476128578186035,0.00279500731267035,4.508234024047852
457,457,0.004183887038379908,5.316152572631836,0.0024083834141492844,5.348224639892578
458,458,0.0030894256196916103,5.116030693054199,0.0027646857779473066,5.165472984313965
459,459,0.002875273348763585,6.989587783813477,0.0025106186512857676,7.011353015899658
460,460,0.0033461609855294228,6.119574069976807,0.002500512870028615,6.154844284057617
461,461,0.002652439521625638,6.945390701293945,0.002910723676905036,6.987943172454834
462,462,0.002558816922828555,5.21249532699585,0.004487210884690285,5.280078411102295
463,463,0.0034732348285615444,10.534141540527344,0.001847670180723071,10.627862930297852
464,464,0.0026714103296399117,5.336060047149658,0.001698638079687953,5.379626750946045
465,465,0.002780004171654582,4.765871524810791,0.0035034131724387407,4.7871785163879395
466,466,0.004087340086698532,5.553665637969971,0.0013531818985939026,5.583807468414307
467,467,0.003271128050982952,6.184183597564697,0.0024575761053711176,6.245573043823242
468,468,0.0031066688243299723,6.376065254211426,0.003205706365406513,6.382996082305908
469,469,0.0035167494788765907,9.569421768188477,0.0034400399308651686,9.641472816467285
470,470,0.0028346143662929535,5.437373161315918,0.0028776770923286676,5.444868087768555
471,471,0.0015762803377583623,6.064648628234863,0.0029332523699849844,6.129533767700195
472,472,0.007585014682263136,6.546379566192627,0.002184203825891018,6.568753242492676
473,473,0.0032758149318397045,6.032652378082275,0.0032344195060431957,6.046753883361816
474,474,0.002580231986939907,6.103464126586914,0.0027078341227024794,6.123244285583496
475,475,0.002573910867795348,5.861213684082031,0.0033807705622166395,5.909722328186035
476,476,0.001976443687453866,6.688202857971191,0.0018807071028277278,6.7197675704956055
477,477,0.004790647886693478,6.159913063049316,0.006555949803441763,6.186212539672852
478,478,0.00218555168248713,5.430704116821289,0.002665640553459525,5.487220287322998
479,479,0.0038783045019954443,7.494787693023682,0.00214736838825047,7.534569263458252
480,480,0.003567856503650546,5.3824310302734375,0.002448259387165308,5.405276298522949
481,481,0.004447803366929293,5.171777248382568,0.002810962963849306,5.179035663604736
482,482,0.003946094773709774,9.33692455291748,0.0018646479584276676,9.378839492797852
483,483,0.003618148621171713,6.453511714935303,0.002501055831089616,6.462028503417969
484,484,0.00551543990150094,4.8886260986328125,0.0032005091197788715,4.907692909240723
485,485,0.002865775488317013,6.251301288604736,0.0025010500103235245,6.2920379638671875
486,486,0.001610239502042532,6.856140613555908,0.0030427922029048204,6.947594165802002
487,487,0.0034505787771195173,4.849759101867676,0.0029670323710888624,4.884220600128174
488,488,0.0020194535609334707,5.532688140869141,0.0018602523487061262,5.608227729797363
489,489,0.0017327208770439029,4.851447582244873,0.00860800500959158,4.933924674987793
490,490,0.002521643415093422,5.2631964683532715,0.0038616664241999388,5.277886390686035
491,491,0.0031411286909133196,6.658313751220703,0.0021181150805205107,6.721827507019043
492,492,0.002888559130951762,4.651146411895752,0.0023944696877151728,4.6781439781188965
493,493,0.0021361922845244408,5.007450103759766,0.004280382767319679,5.04980993270874
494,494,0.002312621334567666,5.147507190704346,0.0038869185373187065,5.178421497344971
495,495,0.00555539270862937,5.421590328216553,0.003164791502058506,5.444594383239746
496,496,0.002573209349066019,5.762111186981201,0.003506645793095231,5.830585956573486
497,497,0.0019315187819302082,6.204553127288818,0.003306793514639139,6.299407958984375
498,498,0.0029757677111774683,6.275728702545166,0.003227007808163762,6.338413715362549
499,499,0.0015874675009399652,6.377267360687256,0.002712644636631012,6.416440010070801
500,500,0.0062776291742920876,5.954631805419922,0.0016533905873075128,5.968746185302734
501,501,0.003484908491373062,4.980452537536621,0.0033868569880723953,5.013815879821777
502,502,0.0028712626080960035,6.189467430114746,0.0037055278662592173,6.253522872924805
503,503,0.00172117305919528,3.779500722885132,0.0032076628413051367,3.811218738555908
504,504,0.0034807214979082346,5.079955101013184,0.0018685795366764069,5.107125282287598
505,505,0.0017079474637284875,6.233164310455322,0.003384917275980115,6.313452243804932
506,506,0.0024682998191565275,5.470771789550781,0.003940398804843426,5.512005805969238
507,507,0.003301542717963457,6.811444282531738,0.0041361539624631405,6.872121810913086
508,508,0.0023692920804023743,4.898265361785889,0.0026405947282910347,4.915626525878906
509,509,0.0027704606764018536,6.170731067657471,0.0016580417286604643,6.202889919281006
510,510,0.004620778374373913,7.289895057678223,0.004171880427747965,7.295822620391846
511,511,0.005771042313426733,4.543795108795166,0.002218108857050538,4.561456203460693
512,512,0.005255664698779583,5.1293253898620605,0.002635377924889326,5.135744094848633
513,513,0.001730903866700828,6.558972358703613,0.00215818639844656,6.658839225769043
514,514,0.002336100209504366,6.482090473175049,0.00394095154479146,6.5012335777282715
515,515,0.0026122310664504766,6.525339603424072,0.003315113950520754,6.574591159820557
516,516,0.0015964570920914412,5.630498886108398,0.001653109909966588,5.741456031799316
517,517,0.003368956735357642,6.119850158691406,0.0026830448769032955,6.168908596038818
518,518,0.00537777878344059,6.949550628662109,0.001983856549486518,6.961109161376953
519,519,0.002423112979158759,4.55381965637207,0.0026963467244058847,4.598060607910156
520,520,0.0025128666311502457,6.477721214294434,0.003076742170378566,6.547708988189697
521,521,0.0020660453010350466,6.419239044189453,0.001930203172378242,6.49538516998291
522,522,0.0036354295443743467,4.594405651092529,0.002575494581833482,4.634819030761719
523,523,0.0016695749945938587,7.423449993133545,0.002935455646365881,7.513364791870117
524,524,0.0018770522437989712,6.947105884552002,0.005487768445163965,7.054608345031738
525,525,0.0026955113280564547,5.97542667388916,0.002307283226400614,6.0138325691223145
526,526,0.0037509563844650984,6.271108150482178,0.0029633142985403538,6.289907455444336
527,527,0.0024699538480490446,6.163043022155762,0.002261129440739751,6.239269733428955
528,528,0.004339803941547871,6.159453392028809,0.002839292399585247,6.198636054992676
529,529,0.0032643501181155443,5.087093353271484,0.0048606800846755505,5.1327033042907715
530,530,0.001526868436485529,6.096895694732666,0.0022785277105867863,6.166690826416016
531,531,0.0032523605041205883,5.131377220153809,0.0034310095943510532,5.151961803436279
532,532,0.0037189172580838203,4.785444259643555,0.0030863613355904818,4.809622764587402
533,533,0.004515260457992554,8.713543891906738,0.0024409890174865723,8.730672836303711
534,534,0.0022077737376093864,6.070925712585449,0.003226746339350939,6.156134605407715
535,535,0.005203671753406525,6.432194232940674,0.0030285355169326067,6.4594526290893555
536,536,0.0021030891221016645,6.116148471832275,0.0025834846310317516,6.210641384124756
537,537,0.002739407354965806,5.166480541229248,0.006583465728908777,5.179328441619873
538,538,0.003221202176064253,7.48628044128418,0.0070475745014846325,7.554955005645752
539,539,0.0019579939544200897,7.210825443267822,0.004498765338212252,7.278780460357666
540,540,0.002517382148653269,6.185001850128174,0.0026636505499482155,6.251478672027588
541,541,0.002518297638744116,6.475955009460449,0.002233140869066119,6.540981769561768
542,542,0.0037499363534152508,3.9202721118927,0.0047211311757564545,3.932252883911133
543,543,0.00225628144107759,6.536746501922607,0.0018560332246124744,6.592126846313477
544,544,0.0032798906322568655,8.244668006896973,0.003724985057488084,8.313199996948242
545,545,0.003360727336257696,5.484900951385498,0.002707140054553747,5.52244234085083
546,546,0.0016542105004191399,4.55525541305542,0.0035323782358318567,4.588546276092529
547,547,0.007275426294654608,6.501462459564209,0.0032639168202877045,6.516415596008301
548,548,0.004833354614675045,8.686843872070312,0.0026012391317635775,8.711756706237793
549,549,0.002540135756134987,6.510162830352783,0.0017654807306826115,6.591641426086426
550,550,0.003930927254259586,4.937400817871094,0.0022965974640101194,4.9484968185424805
551,551,0.0030308698769658804,5.4270734786987305,0.003266173880547285,5.4511942863464355
552,552,0.0020718714222311974,7.159206390380859,0.002210982609540224,7.205339431762695
553,553,0.0030149747617542744,5.117225646972656,0.003699525259435177,5.139136791229248
554,554,0.0028378854040056467,5.343811511993408,0.0029802126809954643,5.376347541809082
555,555,0.0028098830953240395,5.105729579925537,0.002632362302392721,5.155546188354492
556,556,0.002730367472395301,5.668552398681641,0.0027039162814617157,5.674299240112305
557,557,0.003753662807866931,6.724188804626465,0.0019416530849412084,6.770217418670654
558,558,0.003519879188388586,7.246305465698242,0.0022829445078969,7.301989555358887
559,559,0.0031709354370832443,4.812405586242676,0.001914827385917306,4.843620300292969
560,560,0.002979085547849536,5.864025592803955,0.002491061808541417,5.902276992797852
561,561,0.003596449736505747,6.479568004608154,0.002222163137048483,6.535979747772217
562,562,0.0034327583853155375,4.9984893798828125,0.0025990260764956474,5.0112833976745605
563,563,0.0045905872248113155,5.551344394683838,0.002134102862328291,5.569796085357666
564,564,0.003374905791133642,6.95146369934082,0.003344667609781027,6.9948930740356445
565,565,0.0020916019566357136,5.163855075836182,0.0017715183785185218,5.2128119468688965
566,566,0.0027346473652869463,6.427920818328857,0.003362980904057622,6.461143493652344
567,567,0.002667601453140378,6.035180568695068,0.002182444790378213,6.077603340148926
568,568,0.003181627718731761,5.79766321182251,0.0037346419412642717,5.830065727233887
569,569,0.0016799074364826083,7.470004558563232,0.002292904071509838,7.4881744384765625
570,570,0.002697864780202508,6.824631214141846,0.009856279008090496,6.873200416564941
571,571,0.003538142191246152,7.20761775970459,0.0037817703559994698,7.222701549530029
572,572,0.002578799379989505,4.815131187438965,0.002198562491685152,4.839682579040527
573,573,0.0029175777453929186,6.314021587371826,0.002425350248813629,6.318902492523193
574,574,0.001726029091514647,6.3284711837768555,0.0034362964797765017,6.380434513092041
575,575,0.0022982642985880375,4.882216453552246,0.001736526726745069,4.907500743865967
576,576,0.0034439312294125557,6.116448402404785,0.0023741107434034348,6.163604736328125
577,577,0.0020438609644770622,6.434800148010254,0.0036820515524595976,6.498019218444824
578,578,0.0030249033588916063,6.035592079162598,0.0023224661126732826,6.064172744750977
579,579,0.001731103053316474,5.231320381164551,0.0030365788843482733,5.258452892303467
580,580,0.0020472633186727762,7.843754291534424,0.003147419774904847,7.895210266113281
581,581,0.0030807016883045435,4.741529941558838,0.002304971683770418,4.754669666290283
582,582,0.0034038047306239605,5.535405158996582,0.0027072157245129347,5.577041149139404
583,583,0.0040853023529052734,8.915510177612305,0.0026086855214089155,8.938763618469238
584,584,0.0019424466881901026,6.106418132781982,0.010164927691221237,6.142969608306885
585,585,0.004739179275929928,7.378092288970947,0.003025916637852788,7.402881145477295
586,586,0.0025444175116717815,5.593735218048096,0.0031855334527790546,5.621455192565918
587,587,0.005762641783803701,7.378558158874512,0.002240410540252924,7.404447555541992
588,588,0.011384324170649052,8.420171737670898,0.003160337917506695,8.432971954345703
589,589,0.010508705861866474,6.509461879730225,0.002950333757326007,6.512101650238037
590,590,0.002188759855926037,5.946703910827637,0.00215742876753211,6.017806529998779
591,591,0.002780124545097351,5.607913970947266,0.002032139804214239,5.629162311553955
592,592,0.0027414881624281406,5.960307598114014,0.002006314694881439,5.977359771728516
593,593,0.0035734244156628847,7.668753623962402,0.0025618576910346746,7.722843647003174
594,594,0.0015920792939141393,6.499980449676514,0.003093078965321183,6.5468621253967285
595,595,0.002384957391768694,5.831508636474609,0.0025585663970559835,5.848961353302002
596,596,0.0052263084799051285,7.037992000579834,0.003571086097508669,7.047435760498047
597,597,0.002828194759786129,6.28141975402832,0.002592281438410282,6.320551872253418
598,598,0.003059140406548977,5.925839900970459,0.0020767601672559977,5.946381568908691
599,599,0.004252626094967127,5.181382656097412,0.0023319092579185963,5.209481716156006
600,600,0.002539072884246707,10.143990516662598,0.004602717701345682,10.14815616607666
601,601,0.0025957270991057158,4.733748912811279,0.0030715554021298885,4.769846439361572
602,602,0.006792324595153332,5.069525718688965,0.0032826352398842573,5.081555366516113
603,603,0.0029059245716780424,5.838677406311035,0.0027064215391874313,5.8775410652160645
604,604,0.005389885976910591,6.8195881843566895,0.0025256292428821325,6.853706359863281
605,605,0.001996686914935708,5.436862468719482,0.002016738522797823,5.501546382904053
606,606,0.004529830068349838,7.290029525756836,0.0050817690789699554,7.311798095703125
607,607,0.003099789610132575,5.763716697692871,0.0026454513426870108,5.810668468475342
608,608,0.00189750618301332,7.0709123611450195,0.0020482137333601713,7.12391996383667
609,609,0.0028803329914808273,6.335150718688965,0.0033612505067139864,6.352659225463867
610,610,0.0022750271018594503,8.441915512084961,0.002463185228407383,8.485074043273926
611,611,0.0018185303779318929,6.418776035308838,0.0031891327816993,6.459132194519043
612,612,0.0019909541588276625,12.457635879516602,0.00432381359860301,12.511427879333496
613,613,0.004542522598057985,5.128432273864746,0.0019025797955691814,5.1538543701171875
614,614,0.0024471182841807604,4.977089881896973,0.0035515620838850737,5.010733604431152
615,615,0.00154231081251055,5.048552513122559,0.004525052849203348,5.121723175048828
616,616,0.0024977526627480984,7.538343906402588,0.0017379430355504155,7.601672172546387
617,617,0.0018678788328543305,4.816391944885254,0.008973871357738972,4.896963119506836
618,618,0.003424327587708831,6.162129878997803,0.0047545051202178,6.20561408996582
619,619,0.0022603156976401806,7.68983793258667,0.004491123370826244,7.730432987213135
620,620,0.0042247469536960125,6.799943447113037,0.003068538848310709,6.8477020263671875
621,621,0.0031951500568538904,6.4403157234191895,0.0042899916879832745,6.448281288146973
622,622,0.003221868071705103,6.37990665435791,0.004657311365008354,6.420231819152832
623,623,0.002500965027138591,6.872496128082275,0.0034115000162273645,6.927796840667725
624,624,0.002913503209128976,7.309805393218994,0.0028726113960146904,7.318645000457764
625,625,0.0024266596883535385,6.567450523376465,0.0020723515190184116,6.5903120040893555
626,626,0.0021533709950745106,7.510176658630371,0.0024387952871620655,7.56694221496582
627,627,0.0026224569883197546,6.464058876037598,0.0029349918477237225,6.527195453643799
628,628,0.0022678992245346308,5.914999485015869,0.0037865377962589264,5.925054550170898
629,629,0.002344559645280242,7.158929824829102,0.00373753160238266,7.184196949005127
630,630,0.004229056648910046,8.431405067443848,0.003171363612636924,8.464344024658203
631,631,0.0033863948192447424,6.993134021759033,0.0021624118089675903,7.020150661468506
632,632,0.0015654099406674504,5.930761337280273,0.004400560166686773,5.976983547210693
633,633,0.0038852256257086992,6.918144226074219,0.004508898127824068,6.940791606903076
634,634,0.0036454051733016968,7.834779262542725,0.0021189427934587,7.893250942230225
635,635,0.002408355474472046,4.166240215301514,0.0030432341154664755,4.180659294128418
636,636,0.0047911545261740685,6.940340518951416,0.0019018736202269793,6.977356433868408
637,637,0.0016907018143683672,5.7473015785217285,0.0025745234452188015,5.84174919128418
638,638,0.0028915482107549906,6.024051189422607,0.0038359968457370996,6.066067695617676
639,639,0.0022651473991572857,7.251868724822998,0.002579730935394764,7.290314674377441
640,640,0.002505148993805051,5.5085577964782715,0.00454797362908721,5.521163463592529
641,641,0.006705923471599817,7.020055294036865,0.001854889327660203,7.035571575164795
642,642,0.0029426375404000282,6.123446941375732,0.0028629740700125694,6.153834819793701
643,643,0.0037584772799164057,6.085765838623047,0.0038654697127640247,6.104778289794922
644,644,0.001569251180626452,6.584253311157227,0.0017757602035999298,6.698442459106445
645,645,0.001959754154086113,7.780947685241699,0.0024561993777751923,7.830188751220703
646,646,0.005604179576039314,5.017324924468994,0.002677525393664837,5.042494297027588
647,647,0.0038855629973113537,6.181030750274658,0.0027968711219727993,6.226358890533447
648,648,0.0022028684616088867,6.145513534545898,0.005247732624411583,6.229773044586182
649,649,0.0018089229706674814,5.371976375579834,0.0040669008158147335,5.424053192138672
650,650,0.0016614045016467571,7.112891674041748,0.004225092474371195,7.182868480682373
651,651,0.002729348372668028,5.32069730758667,0.0034645802807062864,5.349325656890869
652,652,0.0023892787285149097,5.011221885681152,0.0022067571990191936,5.062454700469971
653,653,0.0028793872334063053,8.805131912231445,0.003929064609110355,8.899214744567871
654,654,0.003492215881124139,8.617915153503418,0.0028176060877740383,8.665202140808105
655,655,0.00413575628772378,7.27158784866333,0.002963453996926546,7.313351631164551
656,656,0.002977481810376048,5.646526336669922,0.003399041248485446,5.704193592071533
657,657,0.003113727318122983,7.277049541473389,0.002484862459823489,7.3210272789001465
658,658,0.002061266452074051,7.281650543212891,0.00323554128408432,7.385051727294922
659,659,0.0025560844223946333,4.571044921875,0.002780559007078409,4.609506130218506
660,660,0.001751108793541789,4.783577919006348,0.0033249484840780497,4.861720561981201
661,661,0.002325651003047824,5.7787346839904785,0.0032186571042984724,5.797722339630127
662,662,0.003172139870002866,7.551217555999756,0.0023950301110744476,7.603164196014404
663,663,0.0023729833774268627,7.941829204559326,0.003623506287112832,8.022584915161133
664,664,0.0022484862711280584,5.6789326667785645,0.002345990389585495,5.704767227172852
665,665,0.004503557458519936,4.819288730621338,0.0026577298995107412,4.843467712402344
666,666,0.0021187567617744207,5.791221618652344,0.00415560370311141,5.865915298461914
667,667,0.0026338587049394846,8.581816673278809,0.0032956507056951523,8.676589965820312
668,668,0.002833740320056677,5.36227560043335,0.0025469402316957712,5.378650188446045
669,669,0.0037932079285383224,7.1051788330078125,0.0022621608804911375,7.164203643798828
670,670,0.002607275266200304,6.444676399230957,0.005652356427162886,6.482105731964111
671,671,0.0021634181030094624,7.163227558135986,0.005767297465354204,7.2261786460876465
672,672,0.002893529599532485,7.442479133605957,0.0025448601227253675,7.500093460083008
673,673,0.005267126485705376,6.751401901245117,0.002110882196575403,6.766838073730469
674,674,0.002839660504832864,8.49531078338623,0.002346564317122102,8.536752700805664
675,675,0.001727387891151011,7.6888203620910645,0.003294344525784254,7.827208042144775
676,676,0.0024497462436556816,5.699669361114502,0.0020246056374162436,5.75130033493042
677,677,0.004002825357019901,4.376786231994629,0.0029097488150000572,4.404568195343018
678,678,0.0021686076652258635,9.804192543029785,0.003333662636578083,9.85287857055664
679,679,0.0021572811529040337,6.768444061279297,0.0030335807241499424,6.84860897064209
680,680,0.004463860299438238,9.778864860534668,0.0024644488003104925,9.793420791625977
681,681,0.0013651495100930333,8.756884574890137,0.005046377424150705,8.868842124938965
682,682,0.002679351484403014,7.818187713623047,0.0022636703215539455,7.825491905212402
683,683,0.004212500993162394,9.209686279296875,0.0019613555632531643,9.218615531921387
684,684,0.0021043787710368633,6.5837082862854,0.0018872132059186697,6.66696310043335
685,685,0.002608837094157934,8.307580947875977,0.004133749287575483,8.366050720214844
686,686,0.0038891362491995096,7.374580383300781,0.0043783606961369514,7.3871917724609375
687,687,0.00427663279697299,9.253371238708496,0.003491228213533759,9.28696060180664
688,688,0.0017725387588143349,7.946801662445068,0.0019334336975589395,7.983623504638672
689,689,0.004462685901671648,5.1913981437683105,0.00406944565474987,5.212719917297363
690,690,0.002633350668475032,6.7072834968566895,0.0026930016465485096,6.773217678070068
691,691,0.004553035367280245,5.584882736206055,0.0029398007318377495,5.6192216873168945
692,692,0.0028097121976315975,6.904817581176758,0.0017484892159700394,6.952018737792969
693,693,0.0025338337291032076,6.418722152709961,0.0018339178059250116,6.465543746948242
694,694,0.001613027066923678,8.227043151855469,0.0026616149116307497,8.309979438781738
695,695,0.003921064082533121,8.583990097045898,0.002011783653870225,8.624360084533691
696,696,0.0020812831353396177,8.386125564575195,0.0016976979095488787,8.44404125213623
697,697,0.0036927221808582544,9.291023254394531,0.008472977206110954,9.338921546936035
698,698,0.002579960972070694,7.609630107879639,0.003917316440492868,7.643796443939209
699,699,0.0027725512627512217,6.33632755279541,0.0022005534265190363,6.358148097991943
700,700,0.00216689077205956,8.10325813293457,0.005416611675173044,8.210622787475586
701,701,0.002055130200460553,8.286337852478027,0.002422406105324626,8.395700454711914
702,702,0.0028204817790538073,5.107504367828369,0.003978396765887737,5.140769958496094
703,703,0.0026494120247662067,7.720070838928223,0.001972832251340151,7.7673563957214355
704,704,0.004421447869390249,10.791205406188965,0.0015043241437524557,10.831711769104004
705,705,0.0023532439954578876,4.427534580230713,0.0019903129432350397,4.438620090484619
706,706,0.0038469433784484863,6.581706523895264,0.0020645016338676214,6.609874725341797
707,707,0.0018747781869024038,7.719996929168701,0.0020954564679414034,7.818606853485107
708,708,0.002756567904725671,6.436110019683838,0.003397752996534109,6.4585442543029785
709,709,0.0021754137706011534,7.6784844398498535,0.0020615605171769857,7.780979156494141
710,710,0.005947113037109375,6.187692165374756,0.0022307022009044886,6.2065815925598145
711,711,0.004392871167510748,5.6347737312316895,0.0030352016910910606,5.6516828536987305
712,712,0.0031923071946948767,5.932075500488281,0.002879894571378827,5.971866607666016
713,713,0.0037077919114381075,9.05679988861084,0.0023008817806839943,9.130385398864746
714,714,0.0036771646700799465,6.575119972229004,0.005377052817493677,6.619934558868408
715,715,0.0018822676502168179,4.028311729431152,0.0017908004811033607,4.078164577484131
716,716,0.003770005889236927,8.292271614074707,0.0019387936918064952,8.338334083557129
717,717,0.0033850481268018484,6.876612663269043,0.0041987597942352295,6.929741382598877
718,718,0.0021820953115820885,8.094023704528809,0.002831587800756097,8.199905395507812
719,719,0.002481614239513874,6.393857479095459,0.003015233436599374,6.45760440826416
720,720,0.0023449300788342953,5.892950057983398,0.002183466451242566,5.934201717376709
721,721,0.0033305573742836714,6.545929908752441,0.001963813090696931,6.559987545013428
722,722,0.002313475590199232,6.557708263397217,0.0045557389967143536,6.602225303649902
723,723,0.003206330118700862,4.317526340484619,0.002192812506109476,4.337170124053955
724,724,0.0037801044527441263,5.234545707702637,0.0024929156061261892,5.256940841674805
725,725,0.002583971479907632,8.411438941955566,0.005041862837970257,8.451214790344238
726,726,0.0031612564343959093,7.247109889984131,0.003247742308303714,7.270229339599609
727,727,0.0027229359839111567,5.671761512756348,0.002192210406064987,5.724534511566162
728,728,0.0019103331724181771,6.103832721710205,0.0035955128259956837,6.156533718109131
729,729,0.0018112467369064689,5.284485340118408,0.0022476534359157085,5.306386947631836
730,730,0.0023361495696008205,5.832589626312256,0.003951757214963436,5.88228178024292
731,731,0.0023561741691082716,8.807271003723145,0.002926639514043927,8.87076187133789
732,732,0.003474959870800376,6.527454853057861,0.0026413502637296915,6.560068130493164
733,733,0.0026550162583589554,8.028287887573242,0.002767052035778761,8.10356330871582
734,734,0.00262356735765934,4.863587379455566,0.002107772510498762,4.900378227233887
735,735,0.001816591015085578,5.105825424194336,0.0033528448548167944,5.132107734680176
736,736,0.004122941754758358,6.31461238861084,0.002951680449768901,6.362544059753418
737,737,0.0019454690627753735,5.9419331550598145,0.0028040935285389423,6.00465726852417
738,738,0.002150982152670622,7.559488773345947,0.0022991301957517862,7.658775806427002
739,739,0.002762038726359606,9.979320526123047,0.004414378199726343,10.041498184204102
740,740,0.0024638359900563955,8.308424949645996,0.0039196009747684,8.366865158081055
741,741,0.0026664279866963625,6.83721923828125,0.0016007291851565242,6.913792610168457
742,742,0.0024613169953227043,6.413483142852783,0.003265923587605357,6.482175827026367
743,743,0.0021662258077412844,9.353811264038086,0.003325920319184661,9.433366775512695
744,744,0.0023094620555639267,5.231626987457275,0.0015230746939778328,5.258108139038086
745,745,0.002145288046449423,5.222676753997803,0.0025189481675624847,5.285289287567139
746,746,0.0017046076245605946,9.426079750061035,0.005558305885642767,9.489683151245117
747,747,0.003230363130569458,7.798532962799072,0.002250264398753643,7.820574760437012
748,748,0.0019785300828516483,6.790424823760986,0.002659536898136139,6.829037189483643
749,749,0.008145567029714584,6.433577060699463,0.0032753993291407824,6.458332538604736
750,750,0.002838937798514962,10.135589599609375,0.0028030273970216513,10.205977439880371
751,751,0.003984658978879452,5.532427787780762,0.001741363201290369,5.562246322631836
752,752,0.002861789893358946,7.585971355438232,0.004555641673505306,7.640748023986816
753,753,0.0024632716085761786,7.2666754722595215,0.00340325222350657,7.318758010864258
754,754,0.0040891133248806,7.352269172668457,0.0028682861011475325,7.390172958374023
755,755,0.0029127842281013727,8.589897155761719,0.0030866910237818956,8.659232139587402
756,756,0.00348470825701952,8.635074615478516,0.003777942154556513,8.675772666931152
757,757,0.005495196208357811,7.481457710266113,0.0065297032706439495,7.488101005554199
758,758,0.0035826785024255514,4.998053550720215,0.003569519380107522,5.0223612785339355
759,759,0.0022922151256352663,9.273164749145508,0.005135292187333107,9.356154441833496
760,760,0.0030160234309732914,7.647830009460449,0.0025168380234390497,7.7109551429748535
761,761,0.0020998616237193346,7.2826619148254395,0.0033557426650077105,7.356441020965576
762,762,0.0040480573661625385,9.34190845489502,0.0029856436885893345,9.401216506958008
763,763,0.001768801361322403,11.511730194091797,0.004385210108011961,11.7067232131958
764,764,0.0015223340597003698,8.71015739440918,0.002693846356123686,8.827467918395996
765,765,0.0032736340072005987,8.357260704040527,0.002210721606388688,8.40114974975586
766,766,0.0024311761371791363,6.798829555511475,0.002407984109595418,6.855072498321533
767,767,0.0021145553328096867,4.600992679595947,0.001840750453993678,4.632894992828369
768,768,0.001849313615821302,5.858767986297607,0.002633339026942849,5.90974760055542
769,769,0.003153416095301509,5.761619567871094,0.0075532905757427216,5.793611526489258
770,770,0.0027640846092253923,7.20799446105957,0.004269784316420555,7.234336853027344
771,771,0.0044667841866612434,3.8695099353790283,0.0031183811370283365,3.8867545127868652
772,772,0.003367238910868764,7.316837787628174,0.0031908859964460135,7.333549976348877
773,773,0.0019954354502260685,9.018001556396484,0.003232852090150118,9.11575984954834
774,774,0.002757922513410449,5.5006279945373535,0.0029408347327262163,5.547008991241455
775,775,0.0026319595053792,9.381515502929688,0.0024714404717087746,9.447588920593262
776,776,0.0026123791467398405,6.063851356506348,0.0018704076064750552,6.115937232971191
777,777,0.0021304194815456867,4.8050665855407715,0.001957171829417348,4.844714641571045
778,778,0.0021981131285429,5.073400020599365,0.00502808066084981,5.101837635040283
779,779,0.0036123711615800858,6.358816146850586,0.002216346561908722,6.3987717628479
780,780,0.0014270769897848368,8.155184745788574,0.0029687245842069387,8.248894691467285
781,781,0.0024247351102530956,7.824835777282715,0.002299658488482237,7.884495735168457
782,782,0.0033411721233278513,9.979512214660645,0.002936270786449313,10.036376953125
783,783,0.002219859277829528,5.818758487701416,0.0032064495608210564,5.873931884765625
784,784,0.002868622075766325,6.0317487716674805,0.002205808646976948,6.096148490905762
785,785,0.0022022021003067493,6.379353046417236,0.002569584408774972,6.475716590881348
786,786,0.0022366081830114126,6.3531999588012695,0.0058738840743899345,6.419832229614258
787,787,0.010168980807065964,7.220944404602051,0.002043976215645671,7.222966194152832
788,788,0.0026740003377199173,7.436980724334717,0.0018791119800880551,7.498208999633789
789,789,0.002605370245873928,8.441801071166992,0.001983519410714507,8.451737403869629
790,790,0.0029325224459171295,6.0233659744262695,0.002965893829241395,6.037286758422852
791,791,0.0015102862380445004,5.788119316101074,0.0041588544845581055,5.907616138458252
792,792,0.0032511968165636063,7.262927532196045,0.00258139381185174,7.271976470947266
793,793,0.0022973280865699053,7.860289573669434,0.004899272695183754,7.9012556076049805
794,794,0.002349262125790119,5.985830307006836,0.004784603603184223,6.045894145965576
795,795,0.002412495668977499,13.085527420043945,0.002300360007211566,13.148519515991211
796,796,0.0019961362704634666,7.503665924072266,0.004052584990859032,7.532625675201416
797,797,0.0023013760801404715,7.61456298828125,0.004776704590767622,7.659343719482422
798,798,0.0015979012241587043,6.614582061767578,0.0043494729325175285,6.69437837600708
799,799,0.001971625490114093,6.561012268066406,0.0029202569276094437,6.621290683746338
800,800,0.00195567449554801,5.667190074920654,0.0027245930396020412,5.684309959411621
801,801,0.0023304768837988377,8.418360710144043,0.0034627884160727262,8.52725601196289
802,802,0.0026364647783339024,9.149477005004883,0.0020582452416419983,9.196846961975098
803,803,0.0020908378064632416,7.061628341674805,0.005168423056602478,7.159165859222412
804,804,0.0028016369324177504,7.940359115600586,0.004377248231321573,7.963836193084717
805,805,0.003298371098935604,8.32266616821289,0.0023699260782450438,8.363242149353027
806,806,0.0031543627846986055,8.030954360961914,0.004233614541590214,8.068266868591309
807,807,0.003082604380324483,7.323208332061768,0.002717878669500351,7.334352970123291
808,808,0.0018656142055988312,4.862159252166748,0.0017806784017011523,4.889631748199463
809,809,0.002567679388448596,7.564249515533447,0.0028232927434146404,7.596468448638916
810,810,0.00328194722533226,8.750587463378906,0.002242679474875331,8.76502513885498
811,811,0.0049754842184484005,5.278677463531494,0.0028296727687120438,5.292698860168457
812,812,0.0022734953090548515,8.751940727233887,0.002301046159118414,8.865729331970215
813,813,0.001914548221975565,7.8066582679748535,0.0017686564242467284,7.90395975112915
814,814,0.007056578062474728,5.54587984085083,0.003056005574762821,5.552207946777344
815,815,0.0029242599848657846,5.778480529785156,0.0022032316774129868,5.7880425453186035
816,816,0.0016710242489352822,8.027316093444824,0.0031772819347679615,8.069169044494629
817,817,0.003176082856953144,8.093467712402344,0.00206632143817842,8.126007080078125
818,818,0.00206210114993155,7.036545276641846,0.0019744622986763716,7.099010467529297
819,819,0.0037599990610033274,6.466026782989502,0.001993348589166999,6.492727279663086
820,820,0.005507976282387972,8.738045692443848,0.0032536115031689405,8.77698802947998
821,821,0.002199992537498474,7.937577247619629,0.002054535085335374,8.007365226745605
822,822,0.0031291991472244263,5.811122417449951,0.0029037739150226116,5.820158004760742
823,823,0.0034483876079320908,6.775291442871094,0.002728980267420411,6.837662220001221
824,824,0.002709252294152975,7.603883743286133,0.006162324454635382,7.6574602127075195
825,825,0.00316227157600224,7.116179466247559,0.002378883073106408,7.156802177429199
826,826,0.0025772671215236187,5.247063636779785,0.002533074701204896,5.274998664855957
827,827,0.003159647574648261,9.658487319946289,0.003428518073633313,9.689823150634766
828,828,0.003364639123901725,8.849870681762695,0.0015192695427685976,8.852212905883789
829,829,0.003812178270891309,6.373805999755859,0.002342087449505925,6.4144439697265625
830,830,0.003419451182708144,4.813973426818848,0.003716998500749469,4.847539901733398
831,831,0.0021115748677402735,7.701201915740967,0.002316057914867997,7.77484655380249
832,832,0.003934735432267189,7.120794773101807,0.001998898107558489,7.161254405975342
833,833,0.003388545010238886,7.739983558654785,0.002581851091235876,7.786051273345947
834,834,0.002663135062903166,8.910900115966797,0.004868277348577976,8.94839096069336
835,835,0.0019206213764846325,8.19735050201416,0.002369118155911565,8.283172607421875
836,836,0.002264292910695076,9.947155952453613,0.001912284060381353,10.00586223602295
837,837,0.00270150788128376,10.695930480957031,0.003124282928183675,10.773789405822754
838,838,0.0032133529894053936,9.067686080932617,0.006161706987768412,9.140100479125977
839,839,0.0035142882261425257,8.406513214111328,0.003725883085280657,8.43675708770752
840,840,0.004073861055076122,7.130709648132324,0.007356100250035524,7.170013904571533
841,841,0.002152289729565382,7.342531681060791,0.0029209177009761333,7.449296951293945
842,842,0.0027899760752916336,8.401477813720703,0.003440411062911153,8.427872657775879
843,843,0.002583704423159361,4.511687755584717,0.0025641275569796562,4.542506694793701
844,844,0.002750554820522666,4.510523796081543,0.0031176921911537647,4.530486106872559
845,845,0.0017732892883941531,8.128204345703125,0.0031713424250483513,8.188191413879395
846,846,0.0031122213695198298,6.549421787261963,0.0017157875699922442,6.586912155151367
847,847,0.0029863265808671713,6.811484336853027,0.0025037110317498446,6.862857818603516
848,848,0.0022718841210007668,4.552443981170654,0.0017458436777815223,4.604374885559082
849,849,0.00509079871699214,10.089756965637207,0.003861628472805023,10.132524490356445
850,850,0.004911294672638178,6.430653095245361,0.0027612289413809776,6.43850564956665
851,851,0.0032345543149858713,9.399843215942383,0.003741566324606538,9.424229621887207
852,852,0.0015827207826077938,6.138722896575928,0.0027935951948165894,6.167133331298828
853,853,0.00232124631293118,5.649553298950195,0.0023929099552333355,5.714478015899658
854,854,0.002296158578246832,8.310934066772461,0.0018028999911621213,8.407625198364258
855,855,0.002501123584806919,5.9699506759643555,0.0016666045412421227,6.0058512687683105
856,856,0.0024887542240321636,9.94140338897705,0.0027048711199313402,10.04403018951416
857,857,0.0034041618928313255,6.3552422523498535,0.0020360301714390516,6.389959812164307
858,858,0.002525071846321225,4.978476524353027,0.0027488151099532843,4.98969030380249
859,859,0.002298546489328146,7.870790481567383,0.0017397445626556873,7.9582200050354
860,860,0.004666665103286505,11.793100357055664,0.0030017115641385317,11.805403709411621
861,861,0.002469016006216407,6.790234088897705,0.0032893961761146784,6.823190212249756
862,862,0.0026796096935868263,7.8475728034973145,0.002833871403709054,7.848736763000488
863,863,0.0022694705985486507,6.170536041259766,0.0017330453265458345,6.232231140136719
864,864,0.0037915350403636694,7.793961048126221,0.0016203838167712092,7.8174614906311035
865,865,0.0021055438555777073,6.276827335357666,0.002488906029611826,6.297761917114258
866,866,0.0022102068178355694,7.347052097320557,0.0026731870602816343,7.459730625152588
867,867,0.005333170294761658,5.279837131500244,0.004483069758862257,5.304570198059082
868,868,0.0038934892509132624,4.803633689880371,0.002171694301068783,4.807851314544678
869,869,0.0018760091625154018,7.46069860458374,0.0037519964389503,7.552823066711426
870,870,0.0031772234942764044,6.147591590881348,0.0023899779189378023,6.180134296417236
871,871,0.003740247804671526,7.963927268981934,0.0033109216019511223,7.986443042755127
872,872,0.002350045368075371,4.488529205322266,0.0022787267807871103,4.536699295043945
873,873,0.0016400510212406516,8.219924926757812,0.0020488363225013018,8.362956047058105
874,874,0.004321258515119553,5.3176045417785645,0.0024792379699647427,5.322731018066406
875,875,0.0020031332969665527,11.215304374694824,0.0018991087563335896,11.283295631408691
876,876,0.002797565422952175,8.276304244995117,0.002816379303112626,8.302026748657227
877,877,0.0024312364403158426,7.176016807556152,0.0021667543333023787,7.210727691650391
878,878,0.002575757447630167,5.019896984100342,0.002698912052437663,5.029146194458008
879,879,0.004697754047811031,6.66085147857666,0.003262935671955347,6.688113689422607
880,880,0.0033351494930684566,7.32528829574585,0.0017216780688613653,7.352390766143799
881,881,0.0025654854252934456,5.759928226470947,0.00350363296456635,5.818267822265625
882,882,0.003002776298671961,7.921106338500977,0.005673766136169434,7.95020866394043
883,883,0.0033139369916170835,5.307000160217285,0.0029005599208176136,5.325125694274902
884,884,0.002372260671108961,5.54221248626709,0.004563214257359505,5.590014934539795
885,885,0.003287699306383729,4.973589897155762,0.0022641823161393404,4.980844020843506
886,886,0.004845567047595978,10.858566284179688,0.001976949395611882,10.91015338897705
887,887,0.004212288185954094,6.058302879333496,0.0034791750367730856,6.076954364776611
888,888,0.0032358048483729362,7.220197677612305,0.0031220423988997936,7.237338066101074
889,889,0.002271767472848296,4.265318393707275,0.0030984447803348303,4.315953731536865
890,890,0.0017515512881800532,7.928079128265381,0.0025263172574341297,8.046215057373047
891,891,0.0019780045840889215,7.643316268920898,0.0025645585265010595,7.667128562927246
892,892,0.0024780139792710543,9.078751564025879,0.002963055856525898,9.132369041442871
893,893,0.002008098876103759,9.782339096069336,0.00156552460975945,9.936554908752441
894,894,0.004293364938348532,7.883659362792969,0.0015917103737592697,7.927126407623291
895,895,0.003114776685833931,6.178286075592041,0.0022050440311431885,6.222825050354004
896,896,0.0031748616602271795,6.5474443435668945,0.0029725355561822653,6.602823734283447
897,897,0.0020823387894779444,5.728250026702881,0.0027066629845649004,5.770813941955566
898,898,0.0020384741947054863,5.953871250152588,0.003306340193375945,6.000179290771484
899,899,0.002821829169988632,5.575730800628662,0.001979510299861431,5.589968204498291
900,900,0.0027896014507859945,6.149238586425781,0.0016328213969245553,6.193227767944336
901,901,0.010134067386388779,9.150481224060059,0.003044754033908248,9.161166191101074
902,902,0.0019814425613731146,7.181445121765137,0.0035056935157626867,7.238096237182617
903,903,0.005770087242126465,7.571408748626709,0.002234802581369877,7.588670253753662
904,904,0.004415158182382584,6.339866638183594,0.0016990503063425422,6.35853385925293
905,905,0.00406523235142231,9.01353645324707,0.0030250295531004667,9.042479515075684
906,906,0.001810841029509902,5.674276828765869,0.003881851676851511,5.731748580932617
907,907,0.005696389824151993,11.902894020080566,0.0022659616079181433,11.931262969970703
908,908,0.0029256439302116632,7.378183364868164,0.0029193873051553965,7.431885242462158
909,909,0.0037767195608466864,7.629363059997559,0.0029049168806523085,7.658155918121338
910,910,0.003256357042118907,6.706282615661621,0.0026480460073798895,6.7437238693237305
911,911,0.0030847114976495504,6.054575443267822,0.003997489809989929,6.088845252990723
912,912,0.0034080902114510536,11.34617805480957,0.0014480928657576442,11.393531799316406
913,913,0.0031071172561496496,7.375543594360352,0.0022886525839567184,7.422816276550293
914,914,0.0019039094913750887,6.7658796310424805,0.002792889019474387,6.843734264373779
915,915,0.004702168516814709,5.9278059005737305,0.008163667283952236,5.944620132446289
916,916,0.0027721007354557514,10.978222846984863,0.0032393434084951878,11.025979042053223
917,917,0.0037233885377645493,7.075262546539307,0.0019544402603060007,7.111943244934082
918,918,0.004345104098320007,8.344494819641113,0.005313828121870756,8.37030029296875
919,919,0.007517187390476465,7.375291347503662,0.0029571489430963993,7.3963303565979
920,920,0.004485141020268202,6.667599678039551,0.003209012560546398,6.69939661026001
921,921,0.0034849413204938173,7.493035316467285,0.0032603866420686245,7.511151313781738
922,922,0.0045114257372915745,7.276825428009033,0.0021448112092912197,7.3092145919799805
923,923,0.0026000640355050564,4.390079975128174,0.002961653284728527,4.411010265350342
924,924,0.0024449622724205256,7.716838836669922,0.00258234073407948,7.768431186676025
925,925,0.002018037484958768,8.78842544555664,0.004425018560141325,8.865948677062988
926,926,0.004046596586704254,5.880694389343262,0.0026980333495885134,5.9131245613098145
927,927,0.0020440893713384867,7.170825004577637,0.00330872880294919,7.193812847137451
928,928,0.0056938789784908295,7.607059478759766,0.0021130519453436136,7.6262431144714355
929,929,0.005309481639415026,8.337801933288574,0.004280919209122658,8.372303009033203
930,930,0.002731313230469823,6.544175148010254,0.0019587110728025436,6.559445381164551
931,931,0.004354219883680344,7.456557750701904,0.002744504017755389,7.484133720397949
932,932,0.007034276146441698,7.020110130310059,0.004130420740693808,7.03474235534668
933,933,0.002338970545679331,6.828113555908203,0.0029099907260388136,6.918615341186523
934,934,0.0026048016734421253,9.648027420043945,0.0025714559014886618,9.706217765808105
935,935,0.0047858948819339275,6.062849044799805,0.0024611216504126787,6.088111400604248
936,936,0.0017509001772850752,6.526423454284668,0.0022700808476656675,6.58139181137085
937,937,0.0027195012662559748,9.34217643737793,0.002079758094623685,9.42678451538086
938,938,0.0020211816299706697,6.0540876388549805,0.0018492585513740778,6.094912528991699
939,939,0.0032420342322438955,11.821808815002441,0.0018908458296209574,11.911836624145508
940,940,0.001557585084810853,6.359983444213867,0.0032832289580255747,6.480443954467773
941,941,0.002186206169426441,9.898881912231445,0.0030016403179615736,9.956398963928223
942,942,0.0028114388696849346,8.100393295288086,0.0031631882302463055,8.138087272644043
943,943,0.0020146903116256,8.195422172546387,0.004024507477879524,8.321897506713867
944,944,0.0036097420379519463,8.908323287963867,0.0023180143907666206,8.945514678955078
945,945,0.002567205112427473,8.47033405303955,0.0021252240985631943,8.570920944213867
946,946,0.003047618316486478,7.2044525146484375,0.005664760712534189,7.228403568267822
947,947,0.002411081688478589,6.288266181945801,0.00251584080979228,6.335083484649658
948,948,0.0047453828155994415,8.94329833984375,0.0038816407322883606,8.963736534118652
949,949,0.001861713477410376,7.247892379760742,0.0015696951886639,7.336517810821533
950,950,0.0018611910054460168,4.051691055297852,0.0029041278176009655,4.099594593048096
951,951,0.0042390162125229836,7.624229907989502,0.003416904481127858,7.658104419708252
952,952,0.005444548092782497,6.688039779663086,0.0037286069709807634,6.697010517120361
953,953,0.0022889699321240187,6.647753715515137,0.0015475930413231254,6.739104747772217
954,954,0.001771149574778974,6.2827982902526855,0.002074264222756028,6.327971935272217
955,955,0.0020474339835345745,6.419471263885498,0.0035162169951945543,6.465203285217285
956,956,0.004851140547543764,7.8030242919921875,0.002082917606458068,7.837358474731445
957,957,0.002086434280499816,7.730626106262207,0.003410596866160631,7.842947959899902
958,958,0.004939260892570019,12.49384880065918,0.0022787197958678007,12.54018783569336
959,959,0.004449876025319099,6.349030017852783,0.002227062825113535,6.371072292327881
960,960,0.004415880888700485,7.790865898132324,0.00259467214345932,7.8106279373168945
961,961,0.0034140318166464567,9.969232559204102,0.003993431571871042,10.032925605773926
962,962,0.0027944459579885006,5.531799793243408,0.006932331249117851,5.536019802093506
963,963,0.001960810273885727,5.803193092346191,0.004891169257462025,5.809947967529297
964,964,0.002618620404973626,9.97217082977295,0.0021356132347136736,9.993295669555664
965,965,0.0027467929758131504,6.693175792694092,0.003578025149181485,6.746983051300049
966,966,0.004530774895101786,6.319918155670166,0.002500117290765047,6.3358001708984375
967,967,0.0032717122230678797,7.674420356750488,0.006188230589032173,7.705932140350342
968,968,0.0031036001164466143,7.234940528869629,0.0028448819648474455,7.253015518188477
969,969,0.002488329540938139,11.412410736083984,0.0025041892658919096,11.480167388916016
970,970,0.0027000335976481438,7.723119258880615,0.0034947225358337164,7.778938293457031
971,971,0.003877607174217701,5.8296709060668945,0.0038571746554225683,5.847358703613281
972,972,0.00668296916410327,6.741575717926025,0.0025773660745471716,6.753261566162109
973,973,0.0052953497506678104,6.983312129974365,0.003772917203605175,7.016236305236816
974,974,0.0037859987933188677,5.186277866363525,0.004466605838388205,5.211484432220459
975,975,0.004780194256454706,4.226666450500488,0.00388747057877481,4.253023624420166
976,976,0.002926828572526574,7.103840351104736,0.001498558558523655,7.152534484863281
977,977,0.002545865485444665,7.068652629852295,0.002182380063459277,7.115235328674316
978,978,0.0024446817114949226,7.044307708740234,0.002239205641672015,7.070401191711426
979,979,0.0035154761280864477,8.331962585449219,0.0016947387484833598,8.371386528015137
980,980,0.0031359524000436068,7.16713285446167,0.002499253721907735,7.199033260345459
981,981,0.004552144091576338,9.648113250732422,0.001968434313312173,9.665902137756348
982,982,0.001321428338997066,8.987674713134766,0.002572673140093684,9.1006441116333
983,983,0.003085143631324172,9.534302711486816,0.0017338339239358902,9.602272033691406
984,984,0.0027808204758912325,3.7408361434936523,0.0031620217487215996,3.778238296508789
985,985,0.011232089251279831,4.791079998016357,0.003418959444388747,4.794925212860107
986,986,0.001798646175302565,7.292182922363281,0.004540037829428911,7.352510929107666
987,987,0.0030180520843714476,4.696147441864014,0.0031424686312675476,4.721915245056152
988,988,0.003166057402268052,5.258114337921143,0.003450504969805479,5.289283752441406
989,989,0.002467958489432931,5.256547927856445,0.0036860748659819365,5.267435550689697
990,990,0.0017345877131447196,7.619851589202881,0.0026342137716710567,7.657278537750244
991,991,0.003385125892236829,6.678325176239014,0.0021595610305666924,6.708342552185059
992,992,0.003017358249053359,10.317072868347168,0.003472141223028302,10.327244758605957
993,993,0.0030440723057836294,7.197985649108887,0.00490773469209671,7.2605791091918945
994,994,0.0020812691655009985,5.191375255584717,0.002346188295632601,5.215441703796387
995,995,0.009482662193477154,7.206344127655029,0.002724486868828535,7.225622177124023
996,996,0.002989121014252305,8.632184028625488,0.004407493397593498,8.692914962768555
997,997,0.004603286739438772,6.631721496582031,0.004378258716315031,6.665787696838379
998,998,0.002268146025016904,8.069360733032227,0.002342082094401121,8.170438766479492
999,999,0.0054703266359865665,5.9168701171875,0.0021340958774089813,5.932869911193848
